46, 0, 2, 17.58, 01-02-2020, 
61, 0, 3, 15.46, 01-02-2020, 
82, 0, 3, 8.65, 01-02-2020, 
84, 0, 4, 1.63, 01-02-2020, 
45, 0, 3, 12.95, 01-02-2020, 
78, 0, 3, 13.15, 01-02-2020, 
44, 0, 4, 9.68, 01-02-2020, 
74, 1, 1, 13.73, 01-02-2020, 
20, 1, 1, 18.86, 01-02-2020, 
48, 1, 1, 3.26, 01-02-2020, 
45, 2, 1, 0.57, 01-02-2020, 
24, 2, 3, 2.17, 01-02-2020, 
3, 2, 3, 4.81, 01-02-2020, 
12, 2, 4, 6.62, 01-02-2020, 
92, 2, 5, 0.69, 01-02-2020, 
0, 2, 2, 13.10, 01-02-2020, 
99, 2, 4, 8.16, 01-02-2020, 
50, 2, 1, 4.10, 01-02-2020, 
97, 2, 2, 19.35, 01-02-2020, 
40, 2, 4, 4.57, 01-02-2020, 
20, 2, 0, 0.96, 01-02-2020, 
84, 2, 2, 8.00, 01-02-2020, 
51, 3, 2, 14.46, 01-02-2020, 
55, 3, 3, 6.27, 01-02-2020, 
39, 3, 5, 13.66, 01-02-2020, 
15, 3, 4, 7.52, 01-02-2020, 
99, 3, 3, 5.30, 01-02-2020, 
100, 3, 4, 3.69, 01-02-2020, 
58, 3, 0, 15.34, 01-02-2020, 
65, 3, 5, 15.88, 01-02-2020, 
87, 3, 5, 10.26, 01-02-2020, 
40, 3, 0, 17.68, 01-02-2020, 
2, 3, 1, 14.03, 01-02-2020, 
95, 3, 1, 3.45, 01-02-2020, 
8, 3, 4, 18.84, 01-02-2020, 
63, 3, 3, 19.59, 01-02-2020, 
83, 3, 2, 1.67, 01-02-2020, 
24, 3, 0, 8.12, 01-02-2020, 
76, 3, 0, 18.41, 01-02-2020, 
41, 3, 3, 6.92, 01-02-2020, 
49, 3, 0, 17.04, 01-02-2020, 
1, 4, 5, 16.71, 01-02-2020, 
67, 4, 1, 3.66, 01-02-2020, 
60, 4, 1, 5.68, 01-02-2020, 
87, 5, 4, 0.11, 01-02-2020, 
56, 5, 0, 7.42, 01-02-2020, 
99, 5, 2, 14.96, 01-02-2020, 
77, 5, 5, 2.45, 01-02-2020, 
24, 6, 3, 6.01, 01-02-2020, 
57, 6, 0, 0.47, 01-02-2020, 
8, 6, 4, 11.67, 01-02-2020, 
94, 7, 1, 4.81, 01-02-2020, 
32, 7, 0, 10.35, 01-02-2020, 
59, 7, 1, 3.21, 01-02-2020, 
77, 7, 1, 7.35, 01-02-2020, 
82, 7, 4, 1.36, 01-02-2020, 
8, 7, 2, 2.52, 01-02-2020, 
76, 7, 1, 4.81, 01-02-2020, 
52, 7, 1, 10.43, 01-02-2020, 
65, 7, 1, 3.46, 01-02-2020, 
40, 7, 5, 3.34, 01-02-2020, 
99, 7, 1, 11.85, 01-02-2020, 
51, 7, 0, 8.83, 01-02-2020, 
15, 7, 3, 15.24, 01-02-2020, 
5, 7, 0, 4.14, 01-02-2020, 
20, 8, 2, 3.49, 01-02-2020, 
63, 8, 4, 13.51, 01-02-2020, 
31, 8, 1, 18.28, 01-02-2020, 
83, 8, 2, 6.79, 01-02-2020, 
99, 9, 2, 18.96, 01-02-2020, 
14, 9, 5, 17.11, 01-02-2020, 
72, 9, 3, 10.30, 01-02-2020, 
20, 9, 3, 8.78, 01-02-2020, 
87, 9, 0, 3.52, 01-02-2020, 
58, 9, 4, 6.58, 01-02-2020, 
95, 9, 5, 13.79, 01-02-2020, 
19, 9, 0, 2.38, 01-02-2020, 
22, 10, 5, 14.19, 01-02-2020, 
61, 10, 0, 16.92, 01-02-2020, 
31, 11, 0, 18.49, 01-02-2020, 
80, 11, 4, 2.96, 01-02-2020, 
7, 11, 2, 15.23, 01-02-2020, 
86, 11, 3, 0.42, 01-02-2020, 
69, 11, 2, 5.87, 01-02-2020, 
42, 11, 5, 13.22, 01-02-2020, 
18, 11, 5, 19.50, 01-02-2020, 
1, 11, 1, 18.92, 01-02-2020, 
42, 11, 1, 16.21, 01-02-2020, 
15, 11, 5, 6.05, 01-02-2020, 
15, 11, 3, 8.31, 01-02-2020, 
36, 11, 5, 15.57, 01-02-2020, 
48, 11, 0, 14.85, 01-02-2020, 
93, 11, 3, 17.53, 01-02-2020, 
10, 12, 4, 17.70, 01-02-2020, 
1, 12, 5, 5.55, 01-02-2020, 
16, 12, 1, 9.04, 01-02-2020, 
71, 12, 3, 0.85, 01-02-2020, 
19, 12, 4, 17.42, 01-02-2020, 
34, 12, 4, 5.01, 01-02-2020, 
54, 12, 4, 3.42, 01-02-2020, 
91, 12, 0, 6.98, 01-02-2020, 
42, 12, 0, 4.82, 01-02-2020, 
23, 12, 0, 7.76, 01-02-2020, 
39, 13, 5, 9.92, 01-02-2020, 
55, 13, 1, 13.37, 01-02-2020, 
95, 13, 0, 8.02, 01-02-2020, 
98, 13, 2, 15.79, 01-02-2020, 
48, 13, 2, 2.61, 01-02-2020, 
33, 13, 4, 10.36, 01-02-2020, 
98, 14, 2, 17.91, 01-02-2020, 
61, 14, 0, 4.63, 01-02-2020, 
26, 15, 2, 8.48, 01-02-2020, 
70, 15, 2, 3.84, 01-02-2020, 
61, 15, 3, 9.26, 01-02-2020, 
64, 15, 2, 14.81, 01-02-2020, 
49, 15, 0, 10.94, 01-02-2020, 
43, 15, 2, 9.01, 01-02-2020, 
36, 15, 2, 4.00, 01-02-2020, 
15, 15, 3, 8.93, 01-02-2020, 
25, 15, 1, 14.27, 01-02-2020, 
65, 15, 3, 19.86, 01-02-2020, 
17, 15, 1, 2.16, 01-02-2020, 
36, 15, 0, 10.61, 01-02-2020, 
21, 15, 4, 5.99, 01-02-2020, 
77, 15, 3, 8.74, 01-02-2020, 
51, 16, 4, 9.60, 01-02-2020, 
46, 16, 1, 4.53, 01-02-2020, 
5, 16, 2, 17.57, 01-02-2020, 
11, 16, 4, 9.91, 01-02-2020, 
36, 16, 2, 10.22, 01-02-2020, 
88, 16, 1, 16.52, 01-02-2020, 
35, 16, 5, 15.21, 01-02-2020, 
70, 17, 1, 6.75, 01-02-2020, 
74, 17, 4, 14.55, 01-02-2020, 
57, 17, 5, 13.90, 01-02-2020, 
79, 17, 3, 14.81, 01-02-2020, 
91, 18, 0, 3.44, 01-02-2020, 
4, 18, 1, 18.47, 01-02-2020, 
5, 18, 1, 4.67, 01-02-2020, 
80, 18, 1, 19.21, 01-02-2020, 
0, 18, 5, 10.18, 01-02-2020, 
91, 18, 1, 2.81, 01-02-2020, 
10, 18, 2, 8.98, 01-02-2020, 
39, 18, 1, 6.01, 01-02-2020, 
87, 18, 4, 13.72, 01-02-2020, 
95, 18, 3, 8.06, 01-02-2020, 
38, 18, 0, 11.55, 01-02-2020, 
5, 18, 0, 7.40, 01-02-2020, 
